2601004645
2601004814
2601004821
2601004839
2601004846
2601004853
2601008216
2601008248
2601008255
2601008262
2601008287
2601008294
2601008304
2601008343
2602004528
2602004630
2602004655
2602004790
2602004800
2602004817
2602004824
2602004849
2602004856
2602004863
2602004870
2602004888
2602004895
2602004937
2602004951
2603008483
2603008490
2603008596
2603008606
2603008613
2603008620
2603008645
2603008701
2603008807
2603008839
2603008910
2603009350
2603009705
2604002597
2604002607
2604002621
2604002646
2604002653
2604004379
2604004386
2604004393
2604004611
2604004643
2604004788
2605010671
2605011273
2605011308
2605011330
2605011379
2605011386
2605011450
2605011516
2605011523
2605011530
2605011587
2605011629
2607001584
2607003197
2607008484
2607008491
2607008501
2607008519
2607008526
2607008533
2607008540
2607008558
2607008565
2607008822
2607008847
2607008879
2607009216
2607009760
2607010042
2607013251
2607013325
2607013340
2607013371
2607013389
2608005687
2608008208
2608008367
2608008494
2608008705
2609013955
2610008773
2610008780
2610014914
2610014921
2610014939
2610014960
2610014978
2612005753
2615010977
2615010984
2615011025
2617008620
2622003064
2622003730
2622003748
2622003770
2622003794
2622003804
2622003956
2622003963
2622003970
2623011942
2623012181
2623012745
2623013072
2623013548
2624017979
2624022016
2624022217
2624022312
2624022520
2624022560
2624022591
2624022697
2624023108
2624023718
2624023933
2624024045
2624024060
2624024077
2624024091
2624024101
2624024119
2624024126
2624024133
2624024197
2624024221
2624024260
2624024278
2624024302
2624024366
2624024510
2624024535
2624026910
2629007967
2630026700
2630026900
2630034299
2631022715
2631022722
2631022803
2631022810
2631022828
2631022850
2631022874
2631022881
2631022930
2631022970
2631022987
2631023074
2631023194
2632026430
2632040717
2632042094
2632047416
2632051356
2632055505
2632055576
2632056330
2632056403
2632056844
2632056851
2632056869
2632057051
2632057132
2632057157
2632057196
2632057291
2632057340
2632057380
2632057397
2632057485
2632057566
2632057887
2632057936
2632059612
2632059919
2632060142
2632060270
2632069258
2632070045
2632079182
2632088074
2634023611
2634026041
2634026059
2634026066
2634026073
2634026098
2634026108
2634026115
2634051665
2634057441
2634096546
2634750381
2635008221
2635010990
2635016751
2635022145
2635022353
2635022385
2635022434
2635022508
2635023043
2635027810
2635027898
2635031742
2635032658
2635034197
2635036099
2635036331
2635036356
2635036451
2635058575
2635101421
2635135300
2635220877
2635231910
2635801159
2636015197
2636015285
2636015447
2636015461
2636018511
2636019265
2636021120
2636023769
2636025893
2636025903
2636027883
2636043229
